$ANSIBLE_VAULT;1.1;AES256
63356666346536666637323665316531643732313038336330343837663965616166663466386563
3532333263306461373637336564643261663636326539340a666266626666643462343636383163
30383762646238626465666230343063316535646337373435643362613365633135356638633462
3530343431633035310a613039363065623537313163336637336633356132323365313234346230
63623334623931663365646563653666636133323637633761666433356232363066323535333561
62313930613031336666376565376464636638303737666532663433366231636633323031633734
34373366383366303363323763363333306331313962323461353638613137316332383036356663
62663034323534313035346363626334623237313031386133636235323131393063353165326633
37376131356534666630333064636335653438303262656537306538373032303038613365633236
33633166343661363732653038303263346231396263313864396231666638656565366632386561
34376163613737356164616634373364653636646432633264343135396338363033323932613261
30393532303330366163626532643833663634643934663036336132303363393265663861303065
61303030313035663361643038383535313433363337663731643132613331346465396166623431
32653339623135653465313365636463653435653161643232396366303662333639373038643763
35303961343634653430393430616337363961323164626462643532346236386232353564616263
35356665343832626466613334333534376533333035303565373262386539383766663063323133
38663865616664626130633837373631643935363338316438336461613139373266353035363932
66356233303330656238303836633933666462386236376664623131383836623433303161666534
39373463386365393139626131643466363133366166306633303732393365396366353938333563
31626634643931343865323866353064636665303531316431393835663038323564646238666361
31393263336638326237376333353537613462346431306132626133353331643963336562633563
66356534333432333033346630373330666631616234363566373539613632306432626531656230
37633332386539663336653764386234393933613262376662633064376361343062393863373165
61396539376661343063663339633564366235303462373761343534366637616533303333656534
63383731636635383530393131393134636432343064333762656234323639663639383065373835
3436356237653238333739303963313738336539343833626661
